-0.10072401165962219
-0.5234663844108581
-0.40447818040847777
-0.8105654716491699
0.18794891834259034
-0.7092756450176239
0.0954070270061493
-0.7823238670825958
-0.9508376777172088
-0.08287174701690674
-0.28003493547439573
-0.908437830209732
-0.11777094006538391
0.32118330597877504
-0.022427845001220702
-0.22587997913360597
-0.8242238700389862
-0.33230332732200624
-0.34521759748458863
-0.30515776872634887
-0.2552791178226471
-0.5218336164951325
-0.0018435955047607423
-1.1216394543647765
-0.6995404660701752
-0.39096768498420714
-0.39070512652397155
-0.3439418375492096
-0.6723603546619416
0.4282271981239319
-0.14030537605285645
-0.40531258583068847
-0.5519163131713867
-0.7059661448001862
-0.723094129562378
0.18748073577880858
-0.1519923985004425
-0.5239674270153045
-0.15702325105667114
-0.5390052199363708
-0.4321626663208008
-1.0268465995788574
-0.2818894565105438
-0.8155212342739105
-0.06920133829116822
-0.19225200414657592
0.35486075282096863
-0.26831441521644595
-0.8493278741836547
0.15888797640800476
-0.773968905210495
-0.42218607664108276
0.009014284610748291
-0.33831060528755186
-0.9018420398235321
-0.12718505859375
-0.2319100618362427
-0.029517227411270143
-0.8137102127075195
-1.1573270499706267
0.09498618245124817
0.8273606300354004
-0.4008548200130463
0.02775993347167969
-0.5775040090084076
-0.3785275399684906
-0.05592767000198364
-0.5849143743515015
-0.5188451826572418
-0.2154383361339569
-0.016633975505828857
-0.25723021030426024
-0.1769110918045044
-0.5417956471443176
0.10905938148498535
0.20868366956710815
0.29766635298728944
-0.6487324357032775
-0.9358207523822785
-0.31018614768981934
-0.42539106011390687
-0.1278411090373993
0.04669917821884155
-0.9458735585212708
-0.19912394285202026
-0.004566508531570435
-0.9338550984859466
0.2193455994129181
-0.17685464024543762
0.010309326648712158
-0.26989929676055907
-0.7547133207321167
0.006451195478439331
-0.5700121641159057
-0.6770008563995361
-0.39476611614227297
0.07254530787467957
0.18016257286071777
-0.44767501950263977
-0.20036107897758484
-0.2656679034233093
0.21604542732238768
0.2089314043521881
-0.007918709516525268
-0.5482491731643677
-0.5777639806270599
-0.6293174982070923
-0.4995327293872833
0.19619279503822326
-0.22923240065574646
-0.6089645206928254
-0.2771183669567108
0.14406040906906128
-0.3634191513061523
0.29289640188217164
-0.5515961349010468
-0.5884044826030731
0.2913642287254333
0.42316497564315797
-0.4257757306098938
-0.048585981130599976
-0.04476501941680908
-0.540523213148117
-0.7327580392360687
-0.8412022888660431
-0.27147417664527895
-0.3062005639076233
-0.4355840742588043
-0.7383716106414795
0.3410912752151489
-0.4643219530582428
-0.55458362698555
-0.12095170021057129
-0.04325531125068664
0.26833627223968504
-0.3660651922225952
-0.30475075244903566
-0.7018730461597442
-0.5352899849414825
0.40963643193244936
-0.9941019833087921
-0.5544698476791382
-0.4453360617160797
-0.16829379200935363
0.22020117044448853
-0.4516960680484772
-0.6344851136207581
-0.6690409421920777
-0.6598885893821717
-0.0634262204170227
-0.4890191376209259
-0.8531967878341675
-0.20618481636047364
0.002557915449142456
0.29882441759109496
-0.15191535353660585
-0.44915499091148375
0.0888140082359314
-0.4003031075000763
-0.27560549378395083
0.2303135097026825
-0.7114386200904846
-0.42192246317863463
-0.30715925693511964
0.45087897777557373
0.055372226238250735
0.19501497745513915
0.2993315100669861
-0.04973800778388977
-0.44013217091560364
-0.19529461860656738
-0.010738891363143922
-0.45976569056510924
0.896828681230545
-0.13097254037857056
-0.43166292309761045
0.06408067345619202
-0.6058661222457886
-0.11049515008926392
-0.0036893725395202638
-0.1797860324382782
-0.11955448985099792
-1.066771960258484
-0.2949004888534546
-0.7918210744857788
-0.20472112894058228
-0.3624493420124054
0.3099301040172577
-0.8875481426715851
-0.233716481924057
-0.6679035186767578
-0.920840048789978
-0.4544001162052155
0.053890693187713626
-0.7201644241809845
-0.13534895777702333
-0.33075002431869505
0.17862015962600708
-0.3161065101623535
-0.12300331592559814
