-0.9349693655967712
-0.7282982707023621
-0.7295988440513611
-0.30971992015838623
-0.8312497735023499
0.20771504640579225
-0.7303831458091736
-1.0386045813560485
-0.3100762128829956
-0.7260450839996337
-0.4145998120307922
-0.0022244930267333986
-0.7254585862159729
-0.3100120425224304
-0.41526434421539304
-0.6228170990943909
-0.41549006700515745
-0.31087982654571533
0.41729543209075926
-1.766663098335266
-0.20679497718811035
0.41801440715789795
-0.2096732497215271
0.1042860507965088
-0.20619901418685913
0.20765480995178223
-0.9354404449462891
-0.8288994669914246
-0.41409127712249755
-0.3150047779083252
-0.6243499398231507
-0.83283029794693
-0.5213200449943542
0.3130419850349426
-0.20879350900650023
-1.1447557091712952
-0.41768147945404055
-1.2470431327819824
-1.1464311838150025
-0.6236298084259033
-1.0402005672454835
-0.5213770389556884
-0.20577471256256102
-1.458866500854492
-1.0398736715316772
0.4168556332588196
-0.6255022168159485
-0.10564591884613037
-0.9365180492401123
-0.936266028881073
-0.62148118019104
-0.2073724865913391
0.2084081768989563
-0.10208396911621094
-0.937484860420227
0.4145094156265259
-0.4144632935523987
-0.20677330493927001
0.8321289896965027
-1.0391021251678467
-0.20665907859802246
-0.9384207844734191
-0.5242825031280518
-1.2500076293945312
-1.1460371732711792
-0.518722927570343
0.41447111368179324
-0.21215003728866577
-0.7301446199417114
-0.9349693655967712
-0.7282982707023621
-0.7295988440513611
-0.30971992015838623
-0.8312497735023499
0.20771504640579225
-0.7303831458091736
-1.0386045813560485
-0.3100762128829956
-0.7260450839996337
-0.4145998120307922
-0.0022244930267333986
-0.7254585862159729
-0.3100120425224304
-0.41526434421539304
-0.6228170990943909
-0.41549006700515745
-0.31087982654571533
0.41729543209075926
-1.766663098335266
-0.20679497718811035
0.41801440715789795
-0.2096732497215271
0.1042860507965088
-0.20619901418685913
0.20765480995178223
-0.9354404449462891
-0.8288994669914246
-0.41409127712249755
-0.3150047779083252
-0.6243499398231507
-0.83283029794693
-0.5213200449943542
0.3130419850349426
-0.20879350900650023
-1.1447557091712952
-0.41768147945404055
-1.2470431327819824
-1.1464311838150025
-0.6236298084259033
-1.0402005672454835
-0.5213770389556884
-0.20577471256256102
-1.458866500854492
-1.0398736715316772
0.4168556332588196
-0.6255022168159485
-0.10564591884613037
-0.9365180492401123
-0.936266028881073
-0.62148118019104
-0.2073724865913391
0.2084081768989563
-0.10208396911621094
-0.937484860420227
0.4145094156265259
-0.2086933135986328
-0.727629292011261
