-0.8269706904888153
-1.0596364617347718
-0.19957891702651978
-0.009127318859100342
-0.8184706568717957
0.2095431685447693
-1.6517888128757476
-0.1099395513534546
-0.21648659706115722
0.3117448568344116
-0.19847494959831238
-0.42168192863464354
-0.3143742561340332
-0.7186191976070404
-0.633847427368164
-0.3053849160671234
-0.8314748167991638
-1.1439304232597352
-0.8471676468849182
-0.9286768555641174
-0.4270386457443237
-0.2041134238243103
-0.09610084295272828
-0.6268573522567749
-1.2217533826828002
-0.40735902786254885
-0.21819112896919252
-0.20847800374031067
-0.8110810339450836
-0.6124682366847992
-0.4219078540802002
-0.4322228193283081
-0.9313627779483795
-0.8259081602096557
-0.8090741097927093
0.4007475972175598
-0.6375033318996429
0.39333171844482423
-0.7359289526939392
-0.4114896237850189
-0.9341437220573425
-0.10855801105499267
-0.6109639942646027
-0.4138870656490326
0.10016275644302368
-0.306478887796402
-0.4229856491088867
-0.5191427707672119
-0.628012353181839
-0.003187859058380127
-0.8159826934337616
-0.6097015261650085
-0.41665413975715637
0.2905456066131592
-0.9352869272232056
-0.5080026507377624
-1.6520573318004608
-0.4051199972629547
0.21753066778182983
-0.6333113014698029
-0.42313536405563357
-0.318550831079483
-1.030270552635193
-0.4181235671043396
-0.31928293108940126
-0.003480130434036255
0.20064438581466676
-0.4186779737472534
0.10311495065689087
-0.3097480356693268
0.30552650094032285
-0.6340866446495056
-1.0374404311180114
-0.5151308536529541
-0.01379382610321045
-1.133085960149765
-0.09817599058151245
-0.21988481283187866
-1.0290551006793975
-0.7359281539916992
-0.410371208190918
-0.11435815095901489
-0.4168363451957703
-0.3124274551868439
-0.5134083688259125
-0.19206563234329224
-1.0195091605186462
0.09884829521179199
-0.8241121053695679
0.20910997390747071
-0.6146439731121063
-0.10634953379631043
-0.41828083992004395
-0.7103210628032685
-1.0401406407356262
-0.31378037929534913
-0.6135114431381226
-0.6231241643428802
-1.1627826690673828
-0.832672905921936
-1.0410710752010346
-0.928169333934784
-0.30742102265357973
-0.4171803414821625
-0.4210711419582367
0.09643405079841613
-1.453818327188492
-0.4003596842288971
-0.41728390455245973
-0.41917349100112916
-0.42589608430862425
-0.9246851086616517
-0.6079643785953521
-0.31724085807800295
-0.20348415970802308
-1.2449115753173827
-0.20354621410369872
-0.7224211275577546
0.01593259572982788
-1.0340730786323546
-0.4109158396720886
-0.11134706735610962
-0.12028791904449462
-0.12067699432373047
-0.43217076659202575
0.22707045674324036
-0.6259015202522278
-0.2149988293647766
0.0004992008209228516
-0.844239604473114
-0.10242166519165039
-0.6223067760467529
-0.3007461428642273
-0.001887500286102295
-0.6267021775245667
-0.31678794622421264
-1.0350611329078674
-1.045408457517624
-0.4087591230869293
-0.8323274374008178
-0.09824059009552003
-0.6239922285079956
-0.5302080154418946
-1.1531802773475648
-0.41481930017471313
-0.6423072814941406
-0.21179792881011963
-0.21318090558052064
-0.21801688075065612
0.014266842603683471
-1.0412170469760895
-0.42374186515808104
-1.045039165019989
-0.42485973834991453
-0.4168174028396606
-0.5109893381595612
-1.038324785232544
-0.7318108558654786
-0.4237479090690613
-0.7370749950408936
-0.30861219167709353
-0.7427278757095337
-1.0323496043682099
-0.4298683762550354
-0.5135393023490906
-0.4108704447746277
-0.6256979942321778
-0.7234027862548829
-0.8267372667789459
-0.10197194814682006
0.11397392749786377
-0.21518909335136413
-0.4193791687488556
-0.41905967593193055
-0.6105079114437103
-0.7388647794723511
-0.4294027924537659
-0.11525543928146362
-0.19562101364135742
-0.21210230588912965
-0.8270956158638001
-1.0594990611076356
-0.19955032467842101
-0.009158051013946534
-0.8185400247573853
0.2096449613571167
-1.65185689330101
-0.10991573333740234
-0.21642177700996398
0.31166777610778806
-0.19864574670791627
-0.42156970500946045
-0.3142820656299591
-0.7187895476818085
-0.6337940096855164
-0.30540159344673157
-0.8314058065414429
-1.1438256084918976
-0.8469861507415771
-0.9286410212516785
-0.42701534032821653
-0.2041638135910034
-0.09606086015701294
-0.6266890227794647
-1.2217884957790375
-0.40731502175331114
-0.21821696162223816
-0.20848832726478578
-0.8115934014320374
-0.6124797880649566
-0.4218016445636749
-0.43199798464775085
-0.9324414968490601
-0.8254903078079223
-0.8092616915702819
0.400499153137207
-0.6372861385345459
0.39431613087654116
-0.7357946753501892
-0.4114577293395996
-0.9351725697517395
-0.10853842496871949
-0.6107522189617157
-0.41398462653160095
0.10018057823181152
-0.3064072489738464
-0.4228691101074219
-0.5194181323051452
-0.6278920233249664
-0.0031193971633911135
-0.8161228060722351
-0.6123881220817566
-0.41663739681243894
0.29073855876922605
-0.9351606249809266
-0.508011269569397
-1.6520693719387054
-0.4052169620990753
0.21760635375976561
-0.6332261264324188
-0.4230342388153076
-0.3184433102607727
-1.0306302785873414
-0.4180547118186951
-0.31910921931266784
-0.003195112943649292
-0.2116314172744751
-0.41851636171340945
0.1031619668006897
-0.30970823764801025
0.3027515172958374
-0.6338497042655945
-0.8271539390087128
-1.059463334083557
-0.19954675436019897
-0.0091575026512146
-0.8185495495796203
0.2096804976463318
-1.6518679857254028
-0.10989967584609986
-0.21640046834945678
0.3116554856300354
-0.19870662689208984
-0.42151405811309817
-0.31426060795783994
-0.6155161559581757
-0.6337613940238953
-0.3054091513156891
-0.8313950300216675
-1.1437958896160125
-0.8469188809394836
-0.9286468863487244
-0.427005672454834
-0.20416885018348693
-0.09603798985481263
-0.6266285002231597
-1.2218080580234527
-0.40729517340660093
-0.21824137568473817
0.20289934277534485
-0.815520453453064
-0.6124847173690796
-0.4217641234397888
-0.43191452622413634
-0.9323952615261077
-0.8297284007072449
-0.8093072175979614
0.4005311131477356
-0.6372033476829528
0.3943776488304138
-0.7357680082321167
-0.41145604848861694
-0.9351319909095764
-0.10964128971099854
-0.6107413530349731
-0.4140359878540039
0.100197434425354
-0.3063739538192749
-0.4228299200534821
-0.519208574295044
-1.0414666056632995
-0.3119540631771088
-0.812703651189804
-0.41089071035385133
-0.8335986971855164
0.6076184034347534
-0.838307774066925
-0.5022764801979065
-1.654663586616516
-0.4044085621833801
-0.191735577583313
-0.6377237558364868
-0.21472827196121216
-0.4268295407295227
-0.7124676942825318
-0.6237511396408081
-0.5303713977336884
-0.001228863000869751
-0.20590057373046874
-0.4236701726913452
0.10141618251800537
-0.3115259110927582
0.30861973762512207
-0.7394091427326203
-0.9377814888954162
-0.30311493277549745
-0.014987576007843017
-1.3469477891921997
-0.09098429679870605
-0.01329081654548645
-1.0343681395053863
-0.7266159892082215
-0.8273883700370789
0.09357491731643677
-0.4201994061470032
-0.10264094471931458
-0.7205159842967988
-0.19003660082817078
-1.023927891254425
-0.10415761470794678
-0.4178790271282196
-0.4137178182601929
0.010284185409545898
-0.5148284375667572
-0.009472334384918213
-0.7115294396877289
-0.8288813352584838
-0.9362599611282348
-0.4042294263839722
-0.4152668833732605
-1.2701328992843628
-0.732231056690216
-1.0382356524467469
-1.1356473684310913
-0.5185042023658752
-0.41145265102386475
-0.006859719753265381
-0.11306872963905334
-1.0399309933185577
-0.808856725692749
-0.21342495679855347
-0.6256634175777436
-0.415277886390686
-0.7325691521167755
-1.0300827145576477
-0.30691616535186766
-0.20510117411613465
-0.8232330679893494
-0.4171181857585907
-0.7301743865013123
-0.38889687657356264
-0.619942843914032
-0.41147556304931643
-0.5222710251808167
-0.011628007888793946
0.08753087520599365
-0.5445168972015381
0.015034043788909912
-0.2052852988243103
-0.20978585481643677
-0.4193952441215515
-0.6330469131469727
0.10305485725402833
-0.622143542766571
-0.5218637108802795
0.014276218414306641
-0.4300369620323181
-0.6200939416885376
-0.7268848359584809
-1.0433060944080352
-0.833511370420456
-0.41093796491622925
-0.5168134987354278
-0.8271799147129059
0.09734675884246827
-1.6708322644233704
-0.22024980783462525
-0.22205125093460082
-0.4167792797088623
-0.21568468809127808
