-1.153985607624054
-1.040909504890442
-1.0372502207756042
-0.6292841315269471
0.4176038384437561
-0.832635474205017
-1.257516896724701
-0.09286626577377319
-0.5235168039798737
-0.32194520235061647
0.004023170471191407
-0.2222995162010193
-0.638642418384552
-0.6215340733528137
-0.6149016857147217
-1.0345402836799622
-0.4167598307132721
-1.4473153591156005
-0.4186943113803864
-1.0286227405071258
-0.28482842445373535
-0.12509403228759766
0.40648277997970583
-0.6121497988700867
0.2175953209400177
-0.09434778690338134
0.9136552691459656
-0.20922685265541077
0.21007441878318786
-0.8350158274173737
-1.4365784525871277
0.40466333031654356
0.4215517044067383
0.11361373662948608
0.011682432889938355
-0.7085642755031586
0.02411540746688843
-0.3270171761512756
-0.7387968599796295
-0.19033074378967285
-0.38946315050125124
0.28592766523361207
-0.1622410535812378
-0.6168214380741119
-0.38608346581459047
-0.9489101648330689
-0.8141572773456573
-0.20099785923957825
0.08036284446716309
0.03969365358352661
-0.37662969827651976
-0.5872700929641723
-0.6007363259792328
-0.6292734980583191
-0.38652989864349363
0.079047030210495
-0.7108847618103027
-0.007039284706115723
-0.7707790613174439
-0.6403783679008483
-1.1653891146183013
-0.27774904370307923
-0.39015194177627566
-0.49255263805389404
0.29590229988098143
-0.0185613214969635
-0.8217975735664368
0.10923984050750732
-0.3761905074119568
-0.509911185503006
-0.3973436176776886
-0.20348890423774718
0.012508350610733032
0.3973860085010529
-0.5863599419593811
-0.7144686162471772
-0.28530153036117556
-1.0732990503311157
-1.2745670318603515
-0.9066671788692474
-1.0054712533950805
0.5157281517982483
-0.21530205607414246
-1.012612169981003
-0.14206576347351074
-0.5815588414669037
-0.264258348941803
-0.8326780259609222
-0.6753383100032806
-0.5804062128067017
0.4742482006549835
-0.8004284381866456
-0.3555866122245789
-0.9029682636260986
-0.8732268273830414
-0.7882160604000091
-1.4088590025901795
-0.3612160623073578
-0.20245724320411682
-0.5734460592269898
0.270293790102005
-0.17090947031974793
-0.6411810994148255
0.09985987544059753
-0.7855461001396179
-0.09784656763076782
-0.6767694115638733
-0.018532925844192506
-0.8315395832061767
-0.07881541848182679
-0.22123262882232667
-0.49453592896461485
-0.11640712022781372
-0.7077246904373169
-0.7432651400566102
-0.693459814786911
0.0830779254436493
-0.6096690118312835
-0.20217815041542053
0.12912701368331908
-0.20214096307754517
-1.1165747702121736
-0.46062235832214354
-0.4197806894779205
-0.02300739288330078
0.2053849220275879
0.1013385534286499
0.008834159374237061
-0.14519637823104858
-0.4991516351699829
-0.5532458364963532
-1.232914185523987
-0.27358315587043763
-0.1833326816558838
0.3562900245189667
-0.7834365963935852
-0.8655743360519409
-0.6063278794288636
-0.38846985101699827
-0.5688679158687592
-0.5277152061462402
-0.6118309020996093
-0.5778137624263764
-0.4885773003101349
-0.6255542397499084
-0.2247180759906769
-0.6099121391773223
-0.8826986789703369
-0.750731211900711
-1.1700267136096953
-0.4929440557956696
-0.45581877827644346
-1.6038303077220917
-1.0412157595157623
-1.284990131855011
-1.006543517112732
-0.3687356889247894
-0.36644392013549804
-0.14548781514167786
-0.6104321122169495
0.22438280582427977
-1.2846624970436096
-1.5061694622039794
-0.23225165605545045
0.01572170853614807
-0.5679329752922058
-0.04835441112518311
-0.6215688288211823
0.47235327363014223
-1.3045008301734924
-0.4895487427711487
-1.5176342248916626
-0.20356302857398986
-0.3753421127796173
-0.49871777892112734
-0.7179758787155152
-0.34221304059028623
-0.688567441701889
0.059806686639785764
-0.6833550155162811
-0.32074997425079343
-0.3932770133018494
-0.842849588394165
-1.301933127641678
-0.08127188682556152
-0.8730163991451263
-1.2303926944732666
-0.318726646900177
-0.1762074887752533
0.21084854006767273
-0.6523559868335724
0.19324480891227722
-0.7794307947158814
-0.0067766249179840084
-0.7176100790500641
-0.4098413050174713
-0.9262141168117524
0.020483022928237914
-0.3034250855445862
-0.9640437841415406
-0.9617535412311554
-0.5954712331295013
0.01066613793373108
-0.8510600924491882
-0.7780990183353425
-0.29260950088500975
-0.6785759687423706
-0.5449886560440064
-0.47232335805892944
-0.14425163865089416
-0.348480361700058
-0.3446411550045013
0.29475346207618713
-0.7059112906455993
-0.5871855974197387
-0.5126347661018371
0.3410822689533234
-1.0282908260822297
-0.12898299098014832
0.07186079621315003
-0.402192085981369
-0.9495906949043273
-0.9354424417018891
-0.22980303764343263
-1.1764582693576813
-0.22281657457351683
-0.7122624337673187
-0.27992382645606995
-0.027890396118164063
-0.6829971194267273
-0.36045494079589846
-0.2906210720539093
-0.009843367338180541
-0.3914246916770935
-0.27639596462249755
-1.1076476097106933
0.013706439733505249
-0.5508626401424408
-0.5710520207881927
-0.7514091789722442
-0.22370594143867492
0.3802482485771179
-0.5446763634681702
-0.6009452939033508
-0.7786790609359742
-0.9051182389259338
-0.399410080909729
-0.2809303641319275
-0.21354061961174012
-0.4273487091064453
-0.039061105251312254
0.21296549439430237
-0.2658051311969757
0.5792008697986603
-0.43593419194221494
-0.20187861919403077
-0.37085819244384766
-0.8780334234237671
-1.121159940958023
-0.3795084416866302
-0.19504960179328917
-0.38142738938331605
-0.2175682842731476
-0.6012611091136932
0.23749148845672607
0.20356813073158264
-0.441606742143631
0.21642029285430908
-0.31399114727973937
-1.0260438740253448
0.28117579221725464
0.2205910086631775
-0.31479451060295105
-0.7503941297531128
-0.29277483820915223
-0.3216223120689392
-0.7885718822479248
0.6963911354541779
-0.5196891486644745
-0.9035370826721192
-0.5578115880489349
-0.9308506906032562
-0.6943397879600525
-0.807585084438324
-0.7902517437934875
-0.09649535417556762
-0.42669491171836854
-0.563712614774704
-0.639117294549942
-1.2095556855201721
-0.49739121198654174
-0.11178333759307861
-0.7058687627315521
0.2629718601703644
-0.7277620732784271
-0.4092256724834442
-0.08055946826934815
0.07475675940513611
-0.6198982656002044
-0.013686597347259521
0.2812338411808014
-0.2612839162349701
-1.0162100195884705
-1.2731460809707642
-0.8626822292804718
0.40236709713935853
-0.3876295149326324
-0.44979916214942933
-0.5275567054748536
-0.17438122630119324
-0.1858662784099579
-1.0166014194488526
-0.8782087802886963
-1.0065741121768952
-0.8276225328445435
-0.2104319930076599
-0.9643389105796814
-0.582391905784607
-0.9084490060806274
-0.04967960715293884
-0.11055261492729188
-0.6776643335819245
-1.0198962211608886
-0.5909348368644715
-0.7660451531410217
-0.923972874879837
-0.70894575715065
-0.3837768495082855
-1.1022684812545775
-0.6465853452682495
-0.8225871980190277
-0.21126121878623963
-0.9832175374031067
-0.10620545148849488
0.20296800136566162
-0.29117060303688047
-0.2913898408412933
-0.3955201804637909
-0.9591991126537323
-0.8592192769050598
-0.22671563029289246
-0.5141000270843505
0.39714565873146057
-0.32608588337898253
-0.7515174508094787
-1.5665588557720185
-0.29401822090148927
0.3246532201766968
0.00549197793006897
-0.6844427525997162
-0.5867405593395233
-1.2175378978252411
-0.08377143144607543
-0.18938543796539306
-0.35122265219688414
-0.16390008926391603
0.07903052568435669
-0.7808873593807221
-0.5848557412624359
-1.1192590177059174
-0.584460437297821
-1.3162306368350982
-1.0255394220352172
-0.5405878007411957
-0.7899646520614624
-0.47232365012168886
-0.19041197896003723
-0.5225388288497925
0.17529975175857543
-0.8424782752990723
-0.7930822432041168
0.16563081741333008
-0.17232682108879088
-0.8910277724266052
-0.032738488912582395
-0.8540184736251831
-0.2691118657588959
